Переставляем клиент  2
С машины 1
К соседу  1
На машине  0
sosed_left =  0
sosed_right =  0
Время окончание client =  8
Время окончание sosed =  9
Время окончание sosedLeft =  0
Время окончание sosedRight =  0
Вставляем клиента к соседу слева
СЛЕДУЮЩИЕ ТРИ ERROR УПУСТИТЬ
ERROR from window_time_up: сломалось шестое ограничение, время окончание работ на объкект 2 больше чем конец работ
ERROR from V_jobs: сломалось второе ограничение, общий объем работ на объекте 7 не совпадает с регламентом
ERROR from JoiningClientToNewSosed: из-за сломанных вышестоящих ограничений, решение не сохранено
Номер машины  0
0 0 1 0 0 0 0 0 0 0

1 0 0 0 0 0 0 0 0 0

0 1 0 0 0 0 0 0 0 0

0 0 0 0 0 0 0 0 0 0

0 0 0 0 0 0 0 0 0 0

0 0 0 0 0 0 0 0 0 0

0 0 0 0 0 0 0 0 0 0

0 0 0 0 0 0 0 0 0 0

0 0 0 0 0 0 0 0 0 0

0 0 0 0 0 0 0 0 0 0

e =  0 7 4 8 9 7 8 3 9 8

l =  0 9 8 10 15 9 10 5 19 10

y =  1 1 1 0 0 0 0 0 0 0

a =  0.0 7.0 13.0 0.0 0.0 0.0 0.0 0.0 0.0 0.0

s =  0.0 2.0 4.0 0.0 0.0 0.0 0.0 0.0 0.0 0.0

Номер машины  1
0 0 0 1 0 0 0 0 0 0

0 0 0 0 0 0 0 0 0 0

0 0 0 0 0 0 0 0 0 0

1 0 0 0 0 0 0 0 0 0

0 0 0 0 0 0 0 0 0 0

0 0 0 0 0 0 0 0 0 0

0 0 0 0 0 0 0 0 0 0

0 0 0 0 0 0 0 0 0 0

0 0 0 0 0 0 0 0 0 0

0 0 0 0 0 0 0 0 0 0

e =  0 7 4 8 9 7 8 3 9 8

l =  0 9 8 10 15 9 10 5 19 10

y =  1 0 0 1 0 0 0 0 0 0

a =  0.0 0.0 0.0 8.0 0.0 0.0 0.0 0.0 0.0 0.0

s =  0.0 0.0 0.0 2.0 0.0 0.0 0.0 0.0 0.0 0.0

Номер машины  2
0 0 0 0 1 0 0 0 0 0

0 0 0 0 0 0 0 0 0 0

0 0 0 0 0 0 0 0 0 0

0 0 0 0 0 0 0 0 0 0

1 0 0 0 0 0 0 0 0 0

0 0 0 0 0 0 0 0 0 0

0 0 0 0 0 0 0 0 0 0

0 0 0 0 0 0 0 0 0 0

0 0 0 0 0 0 0 0 0 0

0 0 0 0 0 0 0 0 0 0

e =  0 7 4 8 9 7 8 3 9 8

l =  0 9 8 10 15 9 10 5 19 10

y =  1 0 0 0 1 0 0 0 0 0

a =  0.0 0.0 0.0 0.0 9.0 0.0 0.0 0.0 0.0 0.0

s =  0.0 0.0 0.0 0.0 6.0 0.0 0.0 0.0 0.0 0.0

Номер машины  3
0 0 0 0 0 1 0 0 0 0

0 0 0 0 0 0 0 0 0 0

0 0 0 0 0 0 0 0 0 0

0 0 0 0 0 0 0 0 0 0

0 0 0 0 0 0 0 0 0 0

1 0 0 0 0 0 0 0 0 0

0 0 0 0 0 0 0 0 0 0

0 0 0 0 0 0 0 0 0 0

0 0 0 0 0 0 0 0 0 0

0 0 0 0 0 0 0 0 0 0

e =  0 7 4 8 9 7 8 3 9 8

l =  0 9 8 10 15 9 10 5 19 10

y =  1 0 0 0 0 1 0 0 0 0

a =  0.0 0.0 0.0 0.0 0.0 7.0 0.0 0.0 0.0 0.0

s =  0.0 0.0 0.0 0.0 0.0 2.0 0.0 0.0 0.0 0.0

Номер машины  4
0 0 0 0 0 0 1 0 0 0

0 0 0 0 0 0 0 0 0 0

0 0 0 0 0 0 0 0 0 0

0 0 0 0 0 0 0 0 0 0

0 0 0 0 0 0 0 0 0 0

0 0 0 0 0 0 0 0 0 0

1 0 0 0 0 0 0 0 0 0

0 0 0 0 0 0 0 0 0 0

0 0 0 0 0 0 0 0 0 0

0 0 0 0 0 0 0 0 0 0

e =  0 7 4 8 9 7 8 3 9 8

l =  0 9 8 10 15 9 10 5 19 10

y =  1 0 0 0 0 0 1 0 0 0

a =  0.0 0.0 0.0 0.0 0.0 0.0 8.0 0.0 0.0 0.0

s =  0.0 0.0 0.0 0.0 0.0 0.0 2.0 0.0 0.0 0.0

Номер машины  5
0 0 0 0 0 0 0 0 0 0

0 0 0 0 0 0 0 0 0 0

0 0 0 0 0 0 0 0 0 0

0 0 0 0 0 0 0 0 0 0

0 0 0 0 0 0 0 0 0 0

0 0 0 0 0 0 0 0 0 0

0 0 0 0 0 0 0 0 0 0

0 0 0 0 0 0 0 0 0 0

0 0 0 0 0 0 0 0 0 0

0 0 0 0 0 0 0 0 0 0

e =  0 7 4 8 9 7 8 3 9 8

l =  0 9 8 10 15 9 10 5 19 10

y =  0 0 0 0 0 0 0 0 0 0

a =  0 0 0 0 0 0 0 0 0 0

s =  0 0 0 0 0 0 0 0 0 0

Номер машины  6
0 0 0 0 0 0 0 1 0 0

0 0 0 0 0 0 0 0 0 0

0 0 0 0 0 0 0 0 0 0

0 0 0 0 0 0 0 0 0 0

0 0 0 0 0 0 0 0 0 0

0 0 0 0 0 0 0 0 0 0

0 0 0 0 0 0 0 0 0 0

1 0 0 0 0 0 0 0 0 0

0 0 0 0 0 0 0 0 0 0

0 0 0 0 0 0 0 0 0 0

e =  0 7 4 8 9 7 8 3 9 8

l =  0 9 8 10 15 9 10 5 19 10

y =  1 0 0 0 0 0 0 1 0 0

a =  0.0 0.0 0.0 0.0 0.0 0.0 0.0 3.0 0.0 0.0

s =  0.0 0.0 0.0 0.0 0.0 0.0 0.0 2.0 0.0 0.0

Номер машины  7
0 0 0 0 0 0 0 0 1 0

0 0 0 0 0 0 0 0 0 0

0 0 0 0 0 0 0 0 0 0

0 0 0 0 0 0 0 0 0 0

0 0 0 0 0 0 0 0 0 0

0 0 0 0 0 0 0 0 0 0

0 0 0 0 0 0 0 0 0 0

0 0 0 0 0 0 0 0 0 0

1 0 0 0 0 0 0 0 0 0

0 0 0 0 0 0 0 0 0 0

e =  0 7 4 8 9 7 8 3 9 8

l =  0 9 8 10 15 9 10 5 19 10

y =  1 0 0 0 0 0 0 0 1 0

a =  0.0 0.0 0.0 0.0 0.0 0.0 0.0 0.0 9.0 0.0

s =  0.0 0.0 0.0 0.0 0.0 0.0 0.0 0.0 10.0 0.0

Номер машины  8
0 0 0 0 0 0 0 0 0 1

0 0 0 0 0 0 0 0 0 0

0 0 0 0 0 0 0 0 0 0

0 0 0 0 0 0 0 0 0 0

0 0 0 0 0 0 0 0 0 0

0 0 0 0 0 0 0 0 0 0

0 0 0 0 0 0 0 0 0 0

0 0 0 0 0 0 0 0 0 0

0 0 0 0 0 0 0 0 0 0

1 0 0 0 0 0 0 0 0 0

e =  0 7 4 8 9 7 8 3 9 8

l =  0 9 8 10 15 9 10 5 19 10

y =  1 0 0 0 0 0 0 0 0 1

a =  0.0 0.0 0.0 0.0 0.0 0.0 0.0 0.0 0.0 8.0

s =  0.0 0.0 0.0 0.0 0.0 0.0 0.0 0.0 0.0 2.0